45 40 36 34 64 60 28 27 28 11 30 22 48 41 15 38 35 59 85 96 100 47 14 82 16 25 1 14 79 46 98 34 2 46 75 96 96 21 36 97 32 82 32 86 6 75 51 71 42 73 52 61 48 20 20 58 24 77 69 55 34 58 87 80 69 28 90 27 54 37 77 30 45 64 3 1 29 89 11 52 71 78 76 41 97 91 95 2 98 43 32 31 28 5 51 85 8 93 7 56
48 90 67 16 17 66 16 58 46 81 5 83 14 100 27 16 54 74 49 98 69 24 75 11 81 35 24 97 6 3 82 99 48 13 51 65 81 22 13 87 59 98 1 17 97 39 49 69 74 53 56 1 97 61 20 49 34 67 39 87 7 22 93 44 30 55 48 33 59 59 100 16 40 11 40 94 31 15 62 26 46 68 79 14 80 94 56 32 23 13 73 28 70 74 80 27 67 42 40 49
23 14 26 29 22 32 21 94 73 79 89 41 32 9 53 44 8 18 65 24 97 0 97 26 75 62 24 10 68 99 75 49 60 85 41 19 40 35 37 63 79 13 29 56 65 69 66 100 18 67 38 84 43 4 77 52 18 82 68 31 9 77 70 2 83 63 15 8 45 91 47 32 36 94 8 45 91 41 38 59 32 97 6 34 26 87 33 93 46 33 54 65 93 53 60 26 38 43 98 68
27 75 29 15 78 14 32 37 91 1 5 17 5 24 98 8 70 60 67 73 71 19 67 97 15 12 19 93 4 77 87 0 96 64 88 35 34 51 4 31 82 99 70 97 67 13 94 30 93 62 40 44 58 44 93 87 45 48 13 44 33 14 65 18 97 16 94 76 58 83 99 8 40 31 56 59 27 97 86 36 84 93 44 57 34 86 14 72 36 63 42 50 75 7 99 59 27 74 76 53
13 38 0 64 24 37 53 25 22 98 36 19 15 57 18 19 49 70 44 71 8 16 1 70 64 78 29 93 30 12 42 80 52 91 70 39 9 97 85 56 23 43 65 74 94 24 36 36 33 44 87 48 41 60 99 48 29 98 53 10 42 53 60 12 10 43 60 65 15 58 82 38 56 5 20 67 88 43 57 83 99 62 65 59 75 4 3 93 68 3 97 94 19 17 15 21 34 19 29 20
73 55 23 48 8 65 26 59 59 86 54 77 92 78 37 89 10 94 98 29 77 17 71 40 77 84 78 0 64 36 48 80 55 62 45 98 78 45 81 71 89 22 73 77 44 63 24 70 26 38 30 6 50 19 35 3 72 22 7 88 47 23 10 68 76 46 11 6 81 97 64 78 32 10 75 47 27 70 43 7 97 55 86 4 80 17 27 3 95 90 50 30 84 60 28 33 70 98 15 45
26 51 33 29 30 1 77 13 20 84 35 14 1 33 42 61 20 23 72 37 73 80 23 71 29 85 53 71 4 30 87 83 5 90 64 50 44 24 17 25 12 44 50 39 82 38 60 7 73 65 71 36 85 39 73 17 30 84 100 94 16 27 42 92 47 59 64 24 76 84 68 44 50 99 75 56 72 17 58 95 26 84 22 0 64 24 67 100 16 70 83 76 44 15 18 72 72 34 79 19
14 3 79 49 15 65 85 32 92 69 2 47 73 38 93 99 78 60 64 2 38 29 93 12 100 89 26 7 11 5 0 25 42 1 0 20 18 25 0 43 91 31 8 60 33 96 5 89 32 77 51 74 81 1 47 34 46 50 75 88 1 41 63 64 75 54 88 35 71 75 83 13 49 11 97 92 51 88 22 29 20 7 56 41 58 76 32 87 32 64 92 21 17 85 26 40 60 51 17 71
70 10 10 14 91 33 64 39 49 24 98 100 48 37 64 60 62 32 76 16 18 23 60 49 10 66 44 2 97 0 60 18 26 2 62 32 23 14 72 51 25 18 96 7 16 50 66 63 9 91 56 81 9 81 98 78 94 70 27 44 17 33 23 98 90 87 70 48 2 96 68 5 76 18 4 62 32 12 9 64 0 63 48 90 12 5 32 70 51 96 52 4 74 92 71 2 91 30 38 29
81 83 18 96 75 66 8 36 62 85 73 81 99 81 20 40 77 58 72 86 43 71 97 6 7 92 46 97 64 76 9 13 35 99 52 31 68 41 89 29 43 3 78 9 41 95 17 46 17 38 10 63 8 24 21 95 48 55 42 91 36 55 9 67 21 27 81 87 4 21 82 100 78 32 69 3 84 34 73 86 89 59 90 61 59 97 12 55 54 11 31 12 84 41 89 57 23 50 59 65
70 70 47 19 23 91 25 84 37 47 25 84 99 1 92 59 28 29 82 59 21 51 94 52 21 64 4 20 29 66 15 31 41 72 39 20 33 19 66 39 93 51 52 81 73 60 50 42 89 52 43 10 1 90 23 27 74 37 92 78 7 15 54 79 20 12 43 43 15 16 19 74 1 30 1 27 69 35 84 35 0 17 63 20 33 12 84 15 70 83 18 85 98 82 69 68 34 76 63 30
56 53 6 87 13 0 44 7 37 19 72 79 84 86 96 7 9 45 29 47 94 77 6 48 28 67 17 12 1 89 80 1 73 57 34 6 96 65 24 98 24 91 48 16 61 63 58 54 22 12 94 37 74 86 16 63 58 80 89 44 35 83 71 61 34 20 15 24 45 26 39 32 59 55 42 45 51 15 71 39 85 89 68 69 18 99 81 97 44 59 63 44 80 2 49 72 74 13 20 24
61 69 89 59 60 23 20 89 36 19 44 24 30 0 49 1 91 65 90 5 57 39 38 22 28 85 22 99 55 90 40 29 56 45 15 99 72 50 95 60 42 75 84 68 69 100 27 60 76 35 30 25 63 69 34 59 77 64 98 40 80 83 99 35 42 7 75 27 46 58 54 34 18 94 52 57 61 55 74 37 56 55 21 11 19 95 8 95 67 89 15 43 24 3 90 3 41 26 8 98
78 92 67 79 2 40 94 90 52 5 67 48 70 73 54 98 44 16 99 77 86 7 0 38 76 62 18 31 85 51 43 87 33 8 68 91 55 21 90 14 96 36 32 74 35 65 100 57 58 67 59 66 25 5 39 98 27 83 19 90 80 75 88 61 37 81 27 37 56 87 88 43 3 76 59 46 56 42 26 50 43 41 55 77 93 54 40 56 27 64 80 84 4 10 17 53 36 28 38 81
80 62 100 67 10 48 28 12 13 64 55 85 3 52 83 55 97 93 17 26 71 78 93 45 89 15 81 88 45 3 8 80 61 10 79 83 86 57 47 73 48 55 46 91 52 11 2 47 64 95 13 13 83 50 18 31 58 72 83 77 30 86 87 9 82 31 13 69 92 23 6 75 95 51 90 43 74 100 93 9 2 55 66 1 44 67 32 61 96 1 80 4 94 85 23 10 50 84 34 0
20 7 56 11 55 77 72 93 66 57 39 25 55 75 50 33 39 39 93 40 36 30 66 0 68 45 1 16 21 72 24 59 70 64 94 36 41 0 10 9 14 98 48 77 90 23 31 62 72 83 16 86 83 25 77 20 25 48 17 55 39 13 99 59 76 45 39 0 10 9 84 19 2 12 59 84 99 55 21 92 11 72 76 76 15 16 55 53 79 20 91 55 81 48 96 58 73 95 91 88
3 78 9 24 23 27 64 17 84 96 60 47 47 23 43 36 94 95 19 90 75 84 75 100 34 65 13 70 73 59 31 90 30 80 13 38 82 8 36 7 90 7 98 14 64 41 34 43 93 15 79 93 18 55 66 61 51 39 86 14 89 89 96 7 49 67 32 61 52 66 28 2 41 8 86 65 69 1 94 29 62 14 98 8 32 9 14 85 41 60 45 88 97 33 54 15 59 73 4 50
52 11 20 64 77 16 99 46 69 72 77 85 12 79 71 0 56 68 39 25 61 95 44 91 100 62 16 15 96 39 75 98 89 24 28 74 3 2 73 3 4 63 48 49 99 6 35 6 6 67 29 1 60 82 32 27 2 100 66 51 83 25 6 69 37 57 51 48 72 21 67 60 0 81 37 35 87 20 41 79 60 84 53 5 99 51 35 13 15 19 4 53 69 78 46 17 62 50 8 57
94 3 51 10 71 78 18 30 44 90 31 80 56 51 94 52 39 28 31 75 59 48 36 10 22 82 24 82 31 79 32 95 74 5 37 26 61 42 27 82 33 69 88 37 75 75 1 69 10 88 43 76 69 19 35 42 68 11 28 10 5 55 53 14 61 55 55 99 6 99 11 61 55 20 26 42 83 36 62 77 24 11 38 94 40 92 79 14 42 58 22 23 1 55 25 93 19 42 86 75
28 5 67 30 38 24 32 16 52 86 81 57 92 85 99 10 31 41 85 52 0 43 98 98 43 58 22 69 2 7 6 39 54 97 49 50 22 92 12 51 18 13 75 95 67 80 4 60 26 57 34 93 42 10 58 80 42 21 9 94 76 7 51 67 69 37 23 50 35 49 87 64 2 20 73 68 59 69 8 89 8 14 23 14 57 11 76 27 70 9 62 74 63 93 84 71 68 69 26 41
95 75 3 99 53 92 21 69 52 38 61 91 22 72 28 68 41 81 52 22 79 45 37 97 40 94 19 72 89 4 71 73 22 9 82 91 27 13 33 62 67 33 2 66 97 74 28 32 65 18 58 76 34 85 16 45 54 83 49 12 37 12 73 45 23 1 63 73 79 2 29 11 32 69 47 83 83 75 12 10 91 7 18 54 56 6 87 22 55 85 94 30 66 65 52 51 96 100 75 11
32 81 4 98 87 89 56 75 61 56 71 75 41 51 7 73 47 55 78 53 36 25 47 33 24 59 90 16 82 62 6 97 29 27 79 69 82 55 100 48 66 5 81 74 29 84 6 30 24 98 18 45 34 91 14 3 63 30 48 59 34 75 17 15 10 40 68 91 87 4 61 86 86 95 21 72 50 71 20 20 31 10 89 89 6 74 70 37 33 35 54 18 70 89 35 40 51 3 88 75
91 92 42 1 10 60 87 4 62 54 59 15 96 45 65 94 3 66 53 64 31 51 81 42 26 56 57 61 6 89 10 3 48 44 23 1 82 17 14 9 47 43 51 49 17 25 19 91 9 19 63 76 86 52 24 46 34 78 56 15 31 35 20 2 23 39 83 49 10 45 50 88 83 78 68 80 90 70 55 85 10 35 5 78 83 19 52 48 83 70 97 12 55 27 86 13 67 9 30 78
74 87 29 74 9 78 32 63 27 12 19 3 7 89 75 89 26 73 33 83 9 93 7 78 12 51 69 83 1 62 91 79 99 63 37 32 60 45 25 17 34 66 75 70 73 46 61 21 67 38 80 97 64 90 8 83 86 79 100 59 94 58 97 100 83 93 26 25 3 6 93 50 34 69 91 36 94 28 89 68 7 72 53 50 95 62 88 44 27 67 14 13 94 31 7 37 69 65 19 21
0 28 92 0 74 4 89 57 95 17 7 73 1 67 82 29 99 83 53 15 33 16 61 66 31 69 65 70 88 100 93 14 34 20 62 60 43 16 43 29 32 42 49 52 52 30 49 59 80 91 12 98 0 10 23 38 6 100 81 15 41 40 54 61 5 57 85 23 14 71 76 15 81 26 29 58 67 68 100 20 36 72 18 81 61 95 78 94 45 78 92 33 99 85 53 13 45 58 28 19
29 44 41 7 29 77 23 56 15 85 77 36 91 86 6 93 68 64 93 32 8 51 31 8 35 57 44 21 78 83 18 49 89 83 42 98 58 46 25 3 15 12 78 26 40 95 50 38 67 37 88 13 92 96 80 87 24 84 85 13 61 31 74 48 12 0 47 40 16 80 73 2 0 77 11 19 83 79 38 5 73 11 22 18 40 55 29 2 85 73 98 56 32 42 0 13 17 64 79 96
67 30 37 88 80 59 49 41 61 13 70 95 33 14 7 90 46 79 95 81 1 34 68 51 41 97 94 32 53 52 91 80 3 76 42 71 16 53 9 67 36 41 91 18 42 84 52 35 72 47 25 90 69 58 6 35 85 20 92 97 59 10 44 46 76 33 58 29 89 75 20 55 55 25 10 19 70 59 7 10 27 50 65 26 62 94 82 33 11 52 89 4 55 64 18 80 4 81 1 42
97 33 93 87 37 2 85 8 87 85 21 84 35 61 1 45 85 91 5 25 94 2 11 53 3 31 98 19 36 13 54 24 12 12 45 16 96 34 15 16 86 88 30 83 67 100 45 79 47 53 74 49 82 6 54 78 70 32 91 43 34 50 83 68 19 45 31 85 31 100 49 20 89 84 23 100 10 81 4 58 55 61 47 78 94 30 58 31 71 72 82 44 3 10 3 47 2 87 18 72
26 61 66 6 90 8 89 33 63 43 15 71 94 44 44 30 98 22 72 4 58 9 45 33 8 0 61 72 7 4 31 82 91 3 91 24 94 19 79 100 56 77 6 61 99 30 58 39 35 46 30 95 68 46 4 15 54 78 15 31 86 99 15 70 73 5 15 5 65 25 94 20 38 64 89 94 15 72 8 51 55 10 32 67 43 51 84 56 68 84 82 67 84 13 31 69 77 72 18 6
89 48 39 15 50 62 52 86 6 87 31 94 71 56 4 26 32 55 49 0 25 27 74 53 90 91 22 68 30 83 29 41 96 47 74 48 85 22 0 81 85 70 51 45 82 71 61 20 57 94 72 67 81 88 36 72 5 11 61 91 30 12 70 79 67 41 43 2 17 12 16 94 80 37 93 14 57 33 91 76 7 37 71 41 35 53 79 45 2 80 50 22 53 80 87 32 33 33 25 52
43 43 76 95 20 63 37 38 82 71 56 27 28 54 82 86 78 34 52 47 70 36 50 92 43 55 8 39 57 64 0 32 41 96 22 8 52 82 56 35 34 26 18 66 98 73 27 79 70 73 5 39 32 65 68 40 89 44 25 83 69 59 43 21 82 32 91 71 30 99 13 38 84 73 99 57 72 44 10 61 58 50 33 64 74 19 67 22 40 18 76 34 7 38 81 88 28 80 47 87
7 37 100 19 61 48 64 33 1 65 35 23 40 67 13 4 74 9 47 13 91 62 11 92 84 20 53 87 24 40 52 44 36 31 14 4 78 24 65 9 28 40 92 17 68 42 18 64 66 99 7 3 72 80 78 26 76 64 81 85 98 85 75 75 66 67 74 5 22 87 47 38 80 42 7 12 46 79 84 11 51 53 26 70 89 12 77 27 38 84 44 23 73 53 51 98 8 13 88 50
77 68 58 46 9 83 92 70 76 20 31 55 0 52 48 84 80 31 44 90 8 98 60 42 43 62 31 15 83 46 50 57 40 16 63 4 52 93 95 75 31 99 89 9 45 11 3 6 81 26 73 55 84 70 90 28 12 25 69 60 35 32 68 10 93 37 14 74 55 85 70 70 77 9 4 37 74 77 41 38 47 24 42 28 98 39 37 57 59 88 11 68 51 53 64 63 49 6 5 80
37 37 87 87 26 33 69 68 31 14 66 25 54 60 62 29 79 95 39 45 85 74 42 6 17 16 44 46 19 69 91 18 61 32 64 38 4 10 84 100 53 67 79 5 3 0 1 66 72 54 76 21 6 26 27 83 13 91 48 51 50 37 87 75 92 24 72 19 7 86 76 77 99 80 78 98 11 23 62 8 100 23 21 47 68 27 26 28 95 7 64 17 36 76 43 76 19 43 74 64
51 78 12 71 53 78 78 3 99 65 90 76 73 25 92 37 88 75 60 11 10 33 46 96 13 90 90 28 35 28 82 93 79 3 21 79 80 4 58 11 36 12 21 56 13 7 14 79 47 19 23 93 35 44 57 95 11 39 45 51 32 66 74 26 54 1 15 52 46 75 54 42 50 3 96 95 77 85 82 37 81 66 40 23 74 95 65 13 48 11 61 73 4 97 5 13 84 78 17 96
13 8 68 42 77 3 23 15 50 80 91 21 8 67 3 51 20 86 20 51 16 56 11 73 81 69 93 64 36 14 48 16 86 18 68 42 68 5 3 9 42 83 88 93 50 7 2 15 12 5 77 7 90 53 8 46 78 40 18 0 9 55 6 53 16 35 71 83 77 78 66 13 23 52 16 59 98 97 46 68 95 28 13 63 31 76 88 48 74 76 98 45 59 11 34 80 59 21 90 65
69 10 38 86 70 6 26 98 98 84 50 5 12 88 42 56 85 50 54 67 30 6 37 84 50 35 0 93 99 100 60 63 72 40 9 34 7 42 53 63 43 28 70 15 35 53 16 48 70 48 47 36 81 47 50 48 43 20 73 90 38 41 55 94 50 46 54 22 66 68 68 94 99 66 88 53 6 41 61 40 94 76 100 99 74 56 12 90 99 42 9 15 37 7 52 47 9 0 16 51
67 90 91 66 9 96 38 40 71 29 26 69 49 24 95 73 88 19 89 19 81 83 76 25 10 43 46 23 15 39 14 54 29 95 26 24 73 14 51 65 88 65 35 4 51 32 57 13 51 39 66 57 49 26 79 93 30 5 52 26 24 6 81 75 25 22 40 56 93 57 47 58 1 55 0 21 54 9 20 74 12 47 81 25 42 16 17 31 71 57 72 37 29 2 73 66 10 5 62 20
93 4 74 79 74 83 47 89 28 84 53 74 77 76 80 29 67 24 49 0 82 55 94 86 91 3 4 46 30 84 73 22 37 35 5 93 71 93 2 1 0 96 21 18 28 5 92 16 86 13 12 75 33 39 53 64 95 19 32 9 39 32 83 82 64 65 23 47 98 52 43 65 62 0 12 11 20 53 98 96 56 87 77 25 94 52 61 42 33 84 93 74 93 28 71 99 85 7 25 34
25 16 49 56 33 40 57 62 59 86 1 92 63 42 79 50 29 7 60 5 17 85 98 46 41 95 92 70 31 60 39 3 97 0 69 32 5 45 51 53 54 35 32 38 61 88 60 60 32 39 76 92 62 26 82 15 64 96 13 92 27 62 60 95 99 38 31 92 87 53 25 37 94 67 52 56 29 20 11 31 18 69 1 71 100 80 80 85 80 2 11 65 55 85 48 59 75 52 1 25
9 39 36 2 96 61 63 73 38 40 5 83 87 0 96 64 30 59 30 20 3 39 96 0 74 56 8 97 10 89 96 8 52 74 3 92 7 4 13 61 79 24 50 54 38 2 94 40 48 15 38 83 64 41 36 31 59 62 30 0 46 45 60 33 34 50 16 26 56 86 91 100 64 13 57 60 53 46 71 69 84 10 25 15 77 4 41 90 59 74 37 61 33 79 53 54 68 84 16 29
9 52 13 28 12 53 18 39 65 84 20 88 11 36 9 47 8 60 89 67 93 40 52 43 27 10 15 53 69 51 46 5 92 18 71 88 41 98 52 48 53 69 67 60 96 49 88 75 75 84 3 24 76 82 95 91 11 73 49 6 21 100 18 90 27 8 71 94 79 75 69 1 62 33 82 24 34 35 74 3 36 29 81 33 17 34 3 16 95 11 66 58 59 99 97 54 49 47 91 50
6 44 7 45 80 90 66 23 86 62 79 10 95 48 31 36 24 73 34 38 59 49 54 85 86 82 40 62 97 21 78 10 56 29 53 30 39 25 21 59 18 85 86 65 27 55 15 98 17 15 25 63 92 84 79 37 15 72 96 73 22 30 63 26 100 17 88 88 59 55 32 27 44 71 73 27 6 82 91 94 30 43 61 40 82 94 21 25 50 66 8 28 45 44 3 5 11 60 35 3
34 14 68 17 70 2 15 21 35 4 54 16 100 76 17 99 68 11 63 58 51 23 13 96 82 58 64 72 62 88 68 25 57 76 24 37 79 13 74 59 27 49 59 50 72 13 40 62 55 16 94 47 69 11 48 19 7 54 22 58 14 7 57 70 74 39 100 100 40 53 88 12 6 87 27 51 53 84 66 29 94 16 76 28 5 50 82 35 66 1 53 100 34 3 9 92 99 86 54 45
40 30 5 8 26 67 78 68 1 64 67 90 82 65 32 20 50 27 4 34 4 77 62 97 100 82 0 89 14 13 52 55 31 58 59 20 28 26 24 61 5 68 23 73 98 3 36 37 26 3 91 5 18 14 8 6 84 13 35 81 74 2 67 99 68 30 20 62 98 79 16 96 49 87 28 73 20 75 89 23 77 88 8 13 59 62 23 17 40 12 47 50 28 1 85 19 30 85 85 67
66 22 95 30 7 77 40 26 36 90 47 98 23 23 47 100 44 40 13 50 95 97 4 82 49 51 28 40 51 86 64 99 21 42 9 87 43 62 54 48 16 85 48 65 79 21 63 51 77 83 94 33 20 3 50 38 43 8 54 97 15 56 23 18 13 17 83 84 0 21 26 79 24 42 38 41 54 23 100 14 94 84 63 99 38 45 3 95 68 24 1 71 8 50 37 95 92 43 11 15
9 8 94 18 56 35 86 74 81 15 69 9 2 79 41 17 35 75 64 9 6 16 85 81 34 76 67 66 90 41 9 60 80 36 82 35 2 85 8 84 38 44 67 89 33 98 13 23 56 13 23 85 2 30 47 86 77 47 85 77 69 49 10 61 93 72 47 77 51 73 27 49 34 58 40 43 50 27 53 8 57 44 2 65 94 92 16 31 18 36 48 95 75 81 79 61 79 24 11 0
51 47 53 59 78 20 52 65 42 80 93 11 55 89 21 81 96 29 0 10 36 91 71 60 50 38 35 52 52 26 5 1 50 5 15 66 1 20 36 60 69 72 63 36 23 96 61 3 10 13 27 95 88 54 17 97 59 10 14 41 43 12 41 90 18 48 69 50 21 16 44 90 10 59 83 29 75 6 35 43 65 75 48 98 65 83 44 68 41 85 46 81 46 14 48 12 2 16 9 77
76 2 4 96 47 73 11 67 80 50 51 55 97 42 32 8 23 43 9 93 53 9 9 40 7 60 37 39 93 95 100 82 17 27 16 5 22 100 93 77 98 2 32 0 63 61 17 21 100 53 40 32 2 62 62 71 9 75 45 37 27 82 95 42 100 38 69 55 52 91 27 24 75 5 9 56 71 57 96 54 19 91 13 13 17 84 19 42 77 79 44 1 3 73 25 84 12 92 1 72
38 82 48 33 24 23 71 72 59 77 54 44 71 14 28 32 14 23 51 94 16 36 87 50 0 93 61 36 47 72 34 50 51 59 86 45 49 47 0 94 51 87 55 6 27 22 18 59 25 44 36 36 84 84 91 99 57 24 41 63 14 24 86 90 55 87 68 69 70 73 19 11 26 58 44 81 83 98 16 25 94 100 42 49 37 12 60 28 42 35 52 1 71 55 43 42 57 46 100 18
4 70 21 73 42 12 93 39 16 58 60 99 75 32 75 33 36 90 52 43 19 55 18 39 48 40 77 87 37 30 69 14 29 37 42 27 15 98 77 93 54 4 73 83 75 25 49 63 46 72 92 7 29 84 53 97 53 25 70 58 54 18 31 45 47 60 39 45 28 69 15 22 59 14 1 53 23 59 21 51 78 42 40 69 89 77 50 40 77 53 30 46 98 15 5 23 59 66 47 94
42 49 100 90 9 84 85 36 40 80 40 76 80 77 1 42 41 95 23 63 15 37 55 75 30 65 97 88 80 88 83 12 42 100 39 73 96 28 92 33 63 36 61 86 32 96 14 21 88 37 43 18 79 46 26 29 7 37 94 27 61 56 72 3 38 7 29 98 48 53 10 57 61 32 40 73 15 99 29 8 64 54 12 0 12 28 3 96 87 32 84 60 92 25 68 41 26 57 100 57
93 75 47 0 76 1 49 43 91 86 69 99 51 10 83 76 6 92 5 55 54 67 94 60 75 14 90 66 97 85 52 19 30 15 36 81 69 38 33 99 0 1 92 52 1 43 54 78 29 64 24 16 42 65 92 63 92 18 89 2 1 99 4 23 14 32 10 29 58 17 98 16 48 24 25 79 89 78 18 87 51 38 26 39 78 99 71 7 57 72 25 18 20 2 100 24 24 73 27 21
62 86 90 75 97 30 94 9 47 6 28 85 47 8 65 40 16 41 67 38 66 7 12 7 33 3 94 18 29 98 2 93 26 50 89 10 52 95 18 69 45 1 17 42 17 74 35 30 43 33 1 0 2 90 19 25 64 27 45 78 96 8 39 13 41 6 47 89 47 56 58 79 96 31 88 35 52 78 98 52 65 84 64 41 63 38 24 77 18 91 86 59 30 81 68 45 51 58 68 73
28 37 9 28 30 53 47 82 95 90 94 85 42 51 53 40 51 33 68 20 35 54 33 93 16 20 64 93 44 92 76 54 5 89 27 2 19 57 30 76 23 68 24 84 17 51 69 55 98 2 39 41 63 76 2 87 31 43 91 4 90 4 79 57 95 83 60 96 77 97 22 30 29 42 25 18 30 25 74 83 87 46 53 75 92 100 89 30 48 92 73 10 62 39 76 20 71 58 24 36
14 56 76 64 76 35 1 79 5 2 24 47 84 62 90 37 55 5 99 20 56 84 33 66 2 69 63 2 17 90 53 97 30 90 3 5 45 36 6 68 15 54 64 70 99 26 2 5 74 49 8 58 14 19 77 17 28 96 37 4 0 16 73 36 85 24 56 52 46 28 37 92 92 92 29 4 87 68 58 18 77 11 29 18 46 60 99 95 12 52 71 54 57 91 24 1 39 57 28 78
48 85 58 19 41 8 95 55 59 32 64 6 10 36 16 73 17 1 81 40 65 82 84 98 0 45 28 58 63 92 52 23 11 94 64 21 81 56 73 43 15 58 92 34 84 43 7 49 19 25 1 95 31 70 35 87 28 2 6 68 46 98 27 99 90 7 81 77 15 43 14 45 44 32 64 96 33 0 84 70 73 0 14 9 69 8 67 30 98 21 58 100 21 23 98 11 88 56 79 49
44 83 65 11 14 40 47 46 41 89 16 74 92 26 30 21 33 82 36 8 62 10 100 81 65 62 28 60 78 13 5 100 43 30 98 33 82 55 55 55 68 60 50 39 75 53 71 99 71 85 68 88 97 17 43 36 33 73 51 23 23 76 66 70 98 40 6 29 48 80 31 41 15 82 10 23 10 44 65 1 89 16 77 50 11 56 19 67 13 1 98 3 61 25 73 39 72 70 67 37
1 73 32 85 6 83 53 88 40 5 60 4 97 26 34 0 26 38 63 95 11 43 93 41 71 13 82 16 98 1 13 87 95 98 80 93 87 19 19 83 23 62 41 72 91 48 23 60 96 4 80 20 16 10 22 19 99 43 58 61 67 44 26 49 48 12 75 19 11 64 1 11 21 82 49 82 7 50 87 69 4 44 78 91 10 66 46 12 8 75 69 42 1 95 100 25 94 22 60 2
90 64 72 9 56 38 75 96 54 1 26 12 73 57 61 56 2 67 57 27 14 86 22 45 50 85 54 25 69 53 72 100 37 37 11 12 1 29 94 97 93 51 91 11 17 50 23 21 14 49 54 22 47 92 4 54 73 22 4 16 18 32 42 88 38 29 56 75 51 67 33 30 65 99 28 57 36 41 91 25 11 6 37 2 78 93 79 12 15 65 93 77 41 58 32 22 41 3 42 41
75 45 42 22 90 23 33 89 9 90 35 12 48 18 4 76 41 18 10 69 23 16 23 1 51 87 63 79 15 37 63 68 16 11 59 57 85 96 78 80 95 27 89 95 10 28 23 21 93 52 91 18 53 77 37 30 38 66 23 9 94 23 11 71 51 99 95 68 49 21 61 92 78 90 68 57 94 45 96 63 65 13 37 27 95 87 41 100 79 88 72 45 53 13 30 4 9 46 48 89
62 95 56 6 54 67 24 1 90 88 8 74 49 65 91 31 69 1 20 15 0 5 90 71 76 84 92 52 41 19 17 26 62 37 21 92 69 10 52 6 96 23 87 54 95 89 48 89 60 65 55 71 82 93 78 75 87 98 9 75 28 50 42 33 62 70 26 2 42 26 22 29 63 51 71 77 91 96 71 23 32 16 5 53 75 2 55 12 22 71 90 82 64 36 94 30 60 20 78 67
78 45 100 74 24 6 0 33 94 62 99 63 33 66 44 96 16 78 33 61 25 13 64 69 69 9 66 53 80 76 34 79 89 32 62 12 64 34 63 28 8 35 57 74 4 51 95 36 96 60 59 51 36 64 33 17 52 38 3 100 90 82 26 95 25 98 73 86 21 23 75 25 91 10 32 61 36 5 21 66 37 25 32 40 68 76 28 71 57 63 32 40 78 58 31 44 54 23 20 98
84 74 21 99 44 55 15 67 52 94 29 32 18 31 65 1 83 0 100 6 14 10 11 56 3 20 8 30 18 2 75 91 44 38 78 92 43 15 15 91 71 28 91 47 47 38 74 77 30 66 79 46 0 17 1 50 99 54 45 96 21 16 37 7 26 56 1 12 25 51 90 52 42 35 33 47 71 31 36 3 33 90 26 57 82 22 21 42 12 58 63 92 20 71 43 28 47 7 45 63
76 38 73 61 37 80 84 19 74 91 28 84 56 65 36 69 62 97 57 17 76 83 54 59 8 74 3 52 83 13 45 0 76 90 31 82 38 50 53 30 46 93 1 34 53 79 6 57 80 98 34 55 57 15 14 20 47 19 100 74 41 10 52 12 43 54 96 49 79 16 89 12 80 34 96 42 97 70 4 90 79 23 52 28 50 0 35 47 23 40 62 72 19 29 41 26 35 73 81 78
42 98 73 84 6 21 19 45 74 87 92 13 64 94 45 59 99 70 51 77 2 22 73 39 14 76 81 98 13 19 10 30 59 9 93 47 36 58 66 16 87 33 7 22 84 12 75 8 89 58 75 91 55 25 73 51 14 98 53 94 24 35 97 74 33 13 25 45 30 16 73 1 73 61 69 17 41 65 71 60 96 97 67 77 19 53 12 27 34 32 60 16 72 64 62 98 93 30 12 72
16 42 10 14 84 51 86 55 27 81 78 18 75 58 0 64 47 40 4 91 71 6 25 93 92 35 54 12 79 26 95 32 84 39 58 2 13 40 34 50 29 61 77 70 82 66 79 43 9 66 68 22 53 2 19 4 97 23 19 9 92 8 80 73 90 62 81 100 11 11 79 100 100 94 48 11 51 51 34 70 20 42 85 55 58 94 35 74 47 23 55 88 71 92 63 12 33 99 2 50
8 64 35 63 84 4 96 13 39 38 64 73 31 33 100 89 46 52 34 86 100 81 6 25 91 58 47 72 26 50 74 3 62 86 25 85 74 77 61 85 74 4 18 81 59 71 28 74 72 14 94 10 83 36 48 60 64 69 61 50 4 31 99 59 14 76 24 94 73 51 9 27 40 9 43 0 46 84 84 100 8 99 58 83 86 5 63 13 8 9 55 44 18 67 57 40 50 41 59 15
81 4 9 73 47 79 24 1 86 21 33 66 88 96 52 21 2 72 26 5 83 4 39 56 28 15 18 55 24 80 88 66 30 93 73 98 12 37 12 10 74 52 10 38 84 67 10 57 49 97 19 61 86 60 10 60 34 71 83 36 17 69 21 78 98 0 2 4 8 26 90 55 74 83 8 58 93 28 21 79 59 53 96 28 44 96 30 45 38 91 3 93 91 64 5 39 93 25 95 79
34 10 15 21 82 67 21 52 16 97 69 74 75 42 19 58 44 21 78 79 9 96 45 90 87 89 29 38 57 48 82 77 28 16 5 18 17 97 5 86 93 11 62 40 32 81 38 50 23 54 58 41 59 95 59 71 93 76 91 59 19 34 23 94 21 13 14 88 19 91 66 23 26 48 26 95 10 38 41 34 64 19 30 69 6 95 4 59 59 84 21 72 16 19 4 98 74 52 56 68
49 87 29 86 27 94 92 75 24 19 93 69 30 93 61 47 46 54 51 80 43 67 96 4 91 85 17 63 72 28 4 71 87 69 40 94 33 51 52 40 15 3 91 63 23 52 72 53 100 87 23 47 39 91 10 54 42 74 7 71 19 89 49 66 70 91 45 54 45 94 58 49 22 75 35 61 15 19 80 59 58 15 31 78 38 6 84 88 64 9 67 95 88 97 67 31 13 39 73 85
39 66 24 65 41 69 95 23 45 56 45 75 37 43 74 92 20 28 95 4 59 41 12 92 77 51 1 22 61 68 8 18 39 53 11 84 11 71 81 36 52 83 78 94 44 75 34 47 72 37 17 47 33 73 74 35 6 73 54 42 5 65 68 36 8 47 68 28 33 37 34 1 23 98 5 81 10 85 40 70 19 58 44 59 19 10 74 7 25 65 62 83 68 69 3 89 83 54 93 24
6 59 15 64 54 79 55 28 0 77 51 19 59 0 2 84 48 2 25 43 21 94 22 96 71 54 82 65 42 50 66 94 83 37 5 96 43 54 78 99 49 49 21 72 27 78 11 5 94 82 49 65 48 62 39 76 22 44 58 71 77 40 17 73 14 67 0 40 96 5 100 38 23 30 4 0 100 10 62 37 58 53 1 55 12 81 54 18 41 36 98 20 45 27 37 98 92 22 35 6
88 75 65 20 15 38 27 45 68 47 31 84 0 4 90 9 55 75 86 91 79 82 77 35 52 19 13 86 100 72 35 90 61 40 59 21 36 62 43 41 13 46 10 9 94 0 30 26 9 20 79 52 69 68 91 19 18 49 27 73 63 43 41 15 58 76 9 76 37 69 44 98 19 100 31 3 5 29 19 10 69 10 31 27 66 31 20 7 39 58 9 23 90 86 35 11 32 66 72 52
62 72 55 48 37 40 79 96 99 90 37 66 44 45 9 18 37 48 93 32 87 53 38 21 87 44 94 85 32 93 77 91 91 16 47 82 11 64 64 97 25 79 74 88 95 56 23 1 90 34 80 98 47 90 91 73 67 9 100 5 97 100 39 24 85 67 88 27 3 52 26 2 62 41 16 23 96 80 33 28 74 14 83 44 32 98 22 25 87 17 7 69 74 54 46 87 36 39 93 38
95 75 30 6 38 46 34 75 12 51 89 67 96 66 44 53 15 38 66 92 44 73 12 73 11 72 54 57 62 77 92 94 97 1 22 93 32 78 77 42 83 86 81 80 66 57 32 31 27 29 84 66 0 21 92 78 52 84 75 18 52 17 41 29 53 23 37 26 45 96 70 96 86 4 42 54 85 12 22 69 6 21 14 4 9 91 70 51 48 60 42 46 100 2 0 55 12 89 46 77
47 65 13 12 70 12 17 100 43 71 35 95 84 55 12 84 56 24 2 70 79 6 44 18 26 84 99 67 43 49 28 91 50 16 47 84 2 39 61 53 70 85 4 11 14 3 25 30 75 21 10 50 51 68 50 46 0 100 74 69 33 56 0 7 66 50 14 37 95 14 58 31 8 32 36 26 1 25 7 41 84 5 47 76 95 42 72 80 72 28 24 4 58 11 9 26 74 76 86 82
3 35 94 93 82 10 49 92 2 32 35 30 18 12 100 70 23 67 19 23 10 72 40 69 82 100 100 63 75 27 28 25 56 3 8 76 14 10 62 34 6 19 100 10 16 0 34 89 67 60 38 89 16 51 29 7 4 95 18 47 83 31 66 22 93 58 60 9 26 77 24 92 82 96 10 81 58 49 59 19 93 94 77 30 89 6 76 76 52 76 96 79 97 62 32 75 48 60 83 1
99 73 62 66 82 96 94 31 36 94 41 86 45 8 60 3 8 42 91 32 37 39 7 13 25 83 73 6 86 10 45 10 65 80 33 96 60 82 80 86 2 42 4 90 23 29 28 55 88 49 87 9 90 35 26 12 62 3 88 71 19 25 81 13 43 24 75 3 86 34 24 5 34 56 59 52 14 11 44 21 70 94 95 3 72 1 45 71 37 87 23 59 57 24 48 7 66 63 36 51
4 73 42 4 31 68 52 45 94 7 6 1 9 78 45 43 7 85 32 80 26 24 8 64 81 78 33 57 14 11 47 39 17 100 47 52 4 29 24 16 47 54 41 35 99 51 81 64 5 20 95 13 69 72 8 8 43 68 18 76 67 67 60 17 72 62 0 47 99 62 84 1 19 86 85 100 80 93 90 65 30 80 99 30 20 21 93 1 38 21 52 19 92 16 82 21 87 5 47 82
44 67 91 92 73 8 34 92 99 88 38 96 40 3 34 36 36 81 66 30 24 23 96 96 48 83 19 28 52 67 69 61 90 76 81 44 48 53 51 85 85 41 86 30 21 30 50 84 46 100 98 62 41 40 45 89 84 26 70 4 9 33 68 28 19 30 24 55 96 68 70 18 87 80 13 51 23 34 92 9 90 60 51 73 62 2 60 29 99 2 98 81 73 10 17 70 33 22 81 85
33 79 87 78 10 61 94 81 16 47 43 17 66 38 50 65 100 93 3 29 75 85 1 60 59 7 96 44 49 46 92 7 34 0 58 88 79 33 21 27 96 100 42 31 24 88 90 98 5 27 28 77 70 70 93 92 92 4 54 58 76 19 10 60 28 44 23 22 100 47 10 44 14 96 81 60 100 37 26 7 88 91 6 93 86 98 53 28 10 46 40 3 49 77 24 63 52 40 7 74
29 35 26 1 33 22 42 82 14 64 55 12 59 7 46 90 94 25 31 98 21 18 57 98 98 25 94 1 1 14 57 23 90 82 5 52 16 70 33 76 78 53 28 69 69 65 62 58 85 96 71 36 39 2 19 26 34 97 90 99 27 93 41 65 90 82 41 90 59 59 1 37 46 63 82 77 84 59 78 59 17 0 35 32 13 67 16 68 0 40 12 13 46 79 68 21 28 34 50 32
5 77 35 93 18 100 0 41 84 88 84 100 63 86 69 28 65 50 20 76 21 36 98 68 52 3 29 72 93 62 3 73 45 77 84 85 89 44 11 80 9 45 12 12 59 65 82 96 51 49 74 37 35 53 55 35 58 79 14 72 7 45 55 4 12 86 90 57 96 43 22 13 99 34 25 38 78 18 50 74 80 94 35 100 10 78 11 40 43 68 63 35 39 30 14 58 27 100 50 15
28 20 33 43 27 64 18 44 8 52 41 78 80 59 76 21 91 60 100 25 14 31 10 67 52 15 22 53 63 83 72 51 4 6 99 65 49 21 13 19 9 81 22 64 28 20 72 36 34 59 14 70 87 1 86 38 95 53 11 34 24 90 91 53 47 79 25 85 47 75 32 43 56 40 69 98 66 80 46 75 31 44 14 72 8 99 45 25 40 64 90 46 42 45 93 92 27 21 78 48
69 92 25 98 86 71 91 85 18 70 87 47 13 79 9 41 45 33 100 98 37 49 21 91 99 25 10 16 2 23 89 9 73 6 13 46 24 44 85 34 52 2 94 14 100 5 41 86 32 19 3 90 48 15 14 73 19 92 91 53 61 87 97 53 36 95 10 70 32 63 97 31 72 89 2 34 67 7 42 66 90 87 67 72 34 51 29 43 79 91 53 49 51 100 7 18 45 52 76 4
53 31 61 64 87 70 99 9 0 21 52 27 27 64 29 18 91 37 62 45 78 48 62 7 39 91 16 28 91 59 72 21 7 73 82 4 30 37 8 43 87 49 33 36 80 70 81 79 90 51 58 9 66 83 16 21 21 66 41 92 19 82 42 18 84 51 68 4 80 63 88 96 65 6 90 8 48 50 51 14 74 3 32 40 89 51 16 12 55 66 50 38 17 22 76 15 40 100 6 14
66 69 31 100 12 92 54 89 56 1 32 34 95 67 0 77 54 14 62 37 4 98 98 68 99 23 28 33 34 93 29 70 21 36 11 84 94 35 48 86 34 94 94 27 21 72 67 60 61 25 87 88 23 61 26 67 42 37 70 70 64 3 66 89 28 94 20 43 33 78 8 50 54 59 98 18 61 50 53 52 28 99 16 41 77 9 11 57 98 91 58 90 95 60 88 11 62 66 93 40
16 49 88 36 45 37 37 0 29 70 24 3 2 79 53 76 36 92 72 72 53 47 69 46 69 44 94 19 21 55 60 64 95 7 61 59 66 53 19 13 92 37 40 50 13 5 99 67 7 50 40 22 8 75 20 86 93 33 15 25 8 92 49 58 60 24 49 27 65 79 23 81 85 89 96 93 100 7 24 70 56 43 62 62 50 17 48 62 54 71 3 43 15 62 99 27 98 48 31 15
7 42 46 44 44 97 35 96 76 36 52 65 29 66 76 88 74 2 91 35 7 94 88 15 39 77 99 66 88 42 20 98 15 92 48 3 44 85 77 49 65 76 94 74 64 11 91 76 76 93 94 56 88 96 70 97 65 93 24 61 96 26 98 56 41 57 43 25 85 58 72 51 26 74 73 36 79 15 34 52 80 21 61 76 18 82 35 39 41 55 11 89 8 43 60 16 28 1 53 11
36 38 1 55 96 44 26 9 11 96 83 96 58 8 52 11 23 2 19 97 63 87 30 54 14 90 82 13 62 50 15 6 54 31 64 81 39 89 95 53 80 34 98 98 76 2 85 1 13 75 84 69 27 6 61 92 27 21 83 70 64 8 40 52 13 33 93 48 42 87 6 16 27 43 54 75 17 40 4 84 54 71 33 16 94 69 96 68 47 15 46 44 84 49 41 52 58 37 99 5
28 91 73 11 11 29 81 43 46 86 47 41 69 39 76 22 21 74 50 47 22 81 2 40 23 25 63 98 45 85 34 96 95 92 82 15 75 1 60 65 25 59 85 48 18 32 67 92 64 40 89 35 30 2 71 91 83 87 50 51 85 19 52 42 71 86 83 44 72 15 39 99 100 31 7 44 27 77 57 95 42 45 0 38 56 65 80 93 56 64 71 3 14 75 50 92 70 70 61 35
100 23 6 90 74 65 62 24 95 11 40 82 50 90 80 70 0 27 63 76 43 9 5 24 84 90 82 78 2 74 7 14 70 94 0 100 74 37 12 47 95 19 13 7 92 81 59 8 93 88 28 72 61 63 23 16 81 66 71 0 46 4 74 84 75 86 47 87 85 84 97 31 78 24 53 43 90 69 86 37 96 66 48 46 28 76 62 30 10 51 78 22 67 23 16 39 39 76 41 66
23 76 73 34 84 69 21 23 13 87 98 58 59 43 39 99 56 100 74 41 35 6 83 12 66 82 32 86 44 50 42 8 35 52 65 91 10 64 90 91 0 73 67 37 83 13 19 0 45 59 10 19 54 60 89 74 88 48 87 3 89 8 100 51 55 79 48 9 32 14 98 50 72 95 81 56 89 29 52 40 46 2 56 99 1 84 76 73 100 35 67 9 13 74 19 13 33 57 58 16
91 7 68 27 14 18 28 30 93 41 78 49 8 70 43 21 81 46 96 65 44 46 88 17 36 71 35 98 30 71 62 77 73 38 67 77 74 99 10 86 56 41 0 99 32 85 34 23 89 46 85 59 37 96 24 63 67 83 36 31 89 70 48 84 73 84 28 80 93 43 26 4 50 99 88 30 66 85 69 6 63 58 80 52 100 69 83 24 1 97 97 99 32 74 87 26 3 96 52 75
94 69 47 17 70 34 65 88 44 41 46 83 48 81 97 41 18 26 30 89 98 71 88 66 36 13 60 72 39 90 55 26 93 34 72 89 54 52 38 98 12 82 37 96 26 4 17 3 49 83 13 57 92 95 32 63 80 10 42 5 59 55 12 81 91 10 49 30 10 58 65 47 62 48 82 42 3 90 91 99 1 0 36 38 18 27 81 30 88 44 11 14 99 68 67 99 46 75 33 78
34 71 55 83 5 36 44 49 83 91 2 27 75 94 11 72 43 80 42 35 37 6 45 24 99 83 70 53 85 43 25 38 87 92 77 68 17 15 92 90 38 80 78 25 83 68 78 4 73 8 97 70 90 44 39 73 88 32 25 70 1 18 40 51 37 65 0 96 51 86 60 63 57 28 56 49 85 100 36 67 42 28 90 21 66 3 77 56 46 56 100 80 0 76 94 83 12 47 35 19
19 67 78 51 24 30 62 45 40 83 80 82 49 73 17 75 31 68 67 17 66 97 78 36 17 100 19 100 65 62 31 40 75 99 52 9 22 54 67 73 44 17 33 60 63 59 16 89 40 7 22 52 63 92 12 62 59 78 76 86 1 15 77 71 85 72 10 18 93 42 29 58 76 62 0 1 53 34 11 99 53 51 62 86 23 69 72 0 96 31 12 12 65 57 31 79 71 92 16 55
44 22 33 78 88 25 67 5 53 86 0 41 18 22 7 73 79 84 26 36 25 7 70 56 20 93 41 65 83 1 18 80 44 1 45 76 7 74 92 46 43 53 74 22 74 75 3 15 3 96 52 81 68 67 73 18 87 11 97 46 30 18 61 74 64 53 38 56 1 38 86 45 92 78 22 27 74 49 34 56 40 72 45 87 1 37 73 45 24 15 61 4 68 92 25 30 23 14 55 49
24 7 27 89 62 85 32 44 97 2 22 26 39 25 38 96 7 88 54 20 31 88 51 84 0 33 0 99 35 0 1 2 27 86 45 18 70 100 12 41 19 83 3 15 36 58 53 96 23 54 21 16 22 84 1 84 10 18 80 72 10 79 28 45 65 87 8 91 35 61 80 67 96 53 3 98 21 39 57 15 19 83 99 49 13 68 1 39 1 48 99 51 88 84 11 12 98 52 99 53